HAS_FEEDBACK 1
HAS_INDEXES 0
DELETIONS_ENABLED 0
MAX_KEY 256
CAPACITY 128
MAX_LOAD 48
NUM_OPERATIONS 100
1 101 1
1 204 1
1 51 1
0 196 0
0 142 0
0 161 0
0 131 0
1 234 1
1 183 1
0 155 0
0 62 0
0 206 0
0 103 0
0 28 0
1 56 1
1 214 1
1 76 1
1 134 1
0 249 0
0 197 0
1 197 1
0 228 0
0 90 0
1 235 1
0 243 0
1 22 1
0 170 0
1 89 1
0 6 0
0 17 0
0 248 0
1 217 1
0 138 0
0 194 0
1 171 1
1 11 1
0 238 0
1 184 1
0 189 0
1 91 1
1 43 1
0 225 0
1 85 1
0 228 0
0 176 0
1 151 1
1 219 1
0 236 0
0 208 0
1 233 1
0 56 1
1 235 0
0 225 0
1 111 1
1 72 1
1 79 1
0 58 0
0 71 0
1 107 1
0 232 0
0 33 0
0 194 0
1 239 1
1 98 1
1 95 1
0 60 0
1 63 1
0 187 0
0 203 0
0 190 0
0 243 0
0 133 0
0 62 0
1 187 1
1 247 1
1 194 1
0 35 0
1 20 1
0 53 0
0 210 0
1 193 1
0 41 0
1 53 1
1 32 1
1 14 1
1 19 1
0 236 0
1 46 1
0 100 0
1 210 1
0 141 0
1 116 1
1 26 1
1 194 0
0 254 0
1 224 1
1 161 1
0 191 0
1 236 1
1 212 1
