HAS_FEEDBACK 1
HAS_INDEXES 0
DELETIONS_ENABLED 0
MAX_KEY 64
CAPACITY 32
MAX_LOAD 32
NUM_OPERATIONS 90
1 25 1
1 51 1
1 13 1
0 49 0
0 35 0
0 40 0
0 33 0
1 58 1
1 46 1
0 39 0
0 16 0
0 51 1
0 26 0
0 7 0
1 14 1
1 53 1
1 19 1
1 34 1
0 62 0
0 49 0
1 49 1
0 57 0
0 23 0
1 58 0
0 60 0
1 6 1
0 42 0
1 22 1
0 2 0
0 4 0
0 62 0
1 54 1
0 35 0
0 48 0
1 43 1
1 3 1
0 59 0
1 46 0
0 47 0
1 23 1
1 11 1
0 56 0
1 21 1
0 57 0
0 44 0
1 38 1
1 55 1
0 59 0
0 52 0
1 58 0
0 14 1
1 58 0
0 56 0
1 28 1
1 18 1
1 20 1
0 15 0
0 18 1
1 27 1
0 58 1
0 8 0
0 48 0
1 59 1
1 25 0
1 24 1
0 15 0
1 16 1
0 47 0
0 50 0
0 47 0
0 60 0
0 33 0
0 16 1
1 47 1
1 61 1
1 48 1
0 9 0
1 5 1
0 13 1
0 52 0
1 48 0
0 10 0
1 13 0
1 8 1
1 4 0
1 5 0
0 59 1
1 12 0
0 25 1
1 52 0
