HAS_FEEDBACK 1
HAS_INDEXES 0
DELETIONS_ENABLED 0
MAX_KEY 256
CAPACITY 128
MAX_LOAD 90
NUM_OPERATIONS 200
1 101 1
1 204 1
1 51 1
0 196 0
0 142 0
0 161 0
0 131 0
1 234 1
1 183 1
0 155 0
0 62 0
0 206 0
0 103 0
0 28 0
1 56 1
1 214 1
1 76 1
1 134 1
0 249 0
0 197 0
1 197 1
0 228 0
0 90 0
1 235 1
0 243 0
1 22 1
0 170 0
1 89 1
0 6 0
0 17 0
0 248 0
1 217 1
0 138 0
0 194 0
1 171 1
1 11 1
0 238 0
1 184 1
0 189 0
1 91 1
1 43 1
0 225 0
1 85 1
0 228 0
0 176 0
1 151 1
1 219 1
0 236 0
0 208 0
1 233 1
0 56 1
1 235 0
0 225 0
1 111 1
1 72 1
1 79 1
0 58 0
0 71 0
1 107 1
0 232 0
0 33 0
0 194 0
1 239 1
1 98 1
1 95 1
0 60 0
1 63 1
0 187 0
0 203 0
0 190 0
0 243 0
0 133 0
0 62 0
1 187 1
1 247 1
1 194 1
0 35 0
1 20 1
0 53 0
0 210 0
1 193 1
0 41 0
1 53 1
1 32 1
1 14 1
1 19 1
0 236 0
1 46 1
0 100 0
1 210 1
0 141 0
1 116 1
1 26 1
1 194 0
0 254 0
1 224 1
1 161 1
0 191 0
1 236 1
1 212 1
1 190 1
1 251 1
1 127 1
0 212 1
1 20 0
1 64 1
1 59 1
1 81 1
0 60 0
0 162 0
0 167 0
1 248 1
0 140 0
1 29 1
0 152 0
1 115 1
0 217 1
0 1 0
0 153 0
1 60 1
1 124 1
0 78 0
1 47 1
1 11 0
0 178 0
1 163 1
0 48 0
1 160 1
1 84 1
1 52 1
1 175 1
1 66 1
1 23 1
0 224 1
1 24 1
0 93 0
1 152 1
1 74 1
1 74 0
0 49 0
1 1 1
1 85 0
0 112 0
1 235 0
1 179 1
0 175 1
0 198 0
1 234 0
1 52 0
1 140 1
0 231 0
1 223 1
0 147 0
0 70 0
1 126 1
0 217 1
0 75 0
0 175 1
1 36 1
1 126 0
1 185 1
0 57 0
0 31 0
0 92 0
0 238 0
1 159 1
1 209 1
0 86 0
0 169 0
1 67 1
0 19 1
0 166 0
0 74 1
0 24 1
0 239 1
1 68 1
1 195 1
0 41 0
1 160 0
1 54 1
1 109 1
1 101 0
0 84 1
1 163 0
1 87 1
1 35 1
0 2 0
1 198 1
0 30 0
1 184 0
0 115 1
1 181 1
0 121 0
1 24 0
0 98 1
0 168 0
1 34 1
0 14 1
0 200 0
1 113 1
