HAS_FEEDBACK 1
HAS_INDEXES 0
DELETIONS_ENABLED 0
MAX_KEY 128
CAPACITY 64
MAX_LOAD 43
NUM_OPERATIONS 100
1 51 1
1 102 1
1 26 1
0 98 0
0 71 0
0 80 0
0 66 0
1 117 1
1 92 1
0 78 0
0 31 0
0 103 0
0 51 1
0 14 0
1 28 1
1 107 1
1 38 1
1 67 1
0 124 0
0 98 0
1 98 1
0 114 0
0 45 0
1 117 0
0 121 0
1 11 1
0 85 0
1 45 1
0 3 0
0 9 0
0 124 0
1 109 1
0 69 0
0 97 0
1 85 1
1 5 1
0 119 0
1 92 0
0 94 0
1 45 0
1 22 1
0 112 0
1 42 1
0 114 0
0 88 0
1 75 1
1 110 1
0 118 0
0 104 0
1 116 1
0 28 1
1 117 0
0 112 0
1 55 1
1 36 1
1 40 1
0 29 0
0 36 1
1 53 1
0 116 1
0 17 0
0 97 0
1 119 1
1 49 1
1 47 1
0 30 0
1 32 1
0 93 0
0 101 0
0 95 0
0 121 0
0 67 1
0 31 0
1 94 1
1 123 1
1 97 1
0 18 0
1 10 1
0 26 1
0 105 0
1 96 1
0 21 0
1 26 0
1 16 1
1 7 1
1 10 0
0 118 0
1 23 1
0 50 0
1 105 1
0 71 0
1 58 1
1 13 1
1 97 0
0 127 0
1 112 1
1 80 1
0 95 0
1 118 1
1 106 1
