HAS_FEEDBACK 1
HAS_INDEXES 0
DELETIONS_ENABLED 1
MAX_KEY 64
CAPACITY 16
MAX_LOAD 16
NUM_OPERATIONS 100
2 25 0
2 51 0
2 13 0
1 49 1
0 35 0
1 40 1
1 33 1
2 58 0
1 46 1
0 39 0
0 16 0
0 51 0
0 26 0
0 7 0
2 14 0
1 53 1
1 19 1
1 34 1
1 62 1
0 49 1
1 49 0
1 57 1
0 23 0
2 58 0
0 60 0
1 6 1
0 42 0
2 22 0
0 2 0
1 4 1
0 62 1
2 54 0
0 35 0
1 48 1
1 43 1
1 3 1
1 59 1
2 46 1
0 47 0
1 23 1
2 11 0
1 56 1
2 21 0
0 57 1
1 44 0
2 38 0
1 55 0
1 59 0
1 52 0
2 58 0
1 14 0
2 58 0
0 56 1
1 28 0
1 18 0
2 20 0
1 15 0
0 18 0
1 27 0
0 58 0
0 8 0
1 48 0
2 59 1
2 25 0
2 24 0
0 15 0
1 16 1
0 47 0
0 50 0
0 47 0
0 60 0
0 33 1
0 16 1
2 47 0
1 61 0
1 48 0
0 9 0
1 5 0
0 13 0
1 52 0
1 48 0
0 10 0
2 13 0
2 8 0
2 4 1
2 5 0
0 59 0
1 12 1
0 25 0
2 52 0
1 35 0
1 29 0
2 7 0
1 48 0
0 63 0
1 56 0
2 40 1
0 48 1
2 59 0
2 53 1
