HAS_FEEDBACK 1
HAS_INDEXES 0
DELETIONS_ENABLED 1
MAX_KEY 32
CAPACITY 16
MAX_LOAD 16
NUM_OPERATIONS 100
2 13 0
2 25 0
2 7 0
1 24 1
0 18 0
1 20 1
1 16 1
2 29 0
1 23 1
0 19 0
0 8 0
0 25 0
0 13 0
0 4 0
2 7 0
1 27 1
1 10 1
1 17 1
1 31 1
0 24 1
1 24 0
1 28 1
0 11 0
2 29 0
0 30 0
1 3 1
0 21 0
2 11 0
0 1 0
1 2 1
0 31 1
2 27 1
0 17 1
1 24 0
1 21 1
1 2 0
1 29 1
2 23 1
0 23 0
1 11 1
2 6 0
1 28 0
2 11 1
0 28 1
1 22 1
2 19 0
1 27 1
1 29 0
1 26 1
2 29 1
1 7 1
2 29 0
0 28 1
1 14 1
1 9 1
2 10 1
1 8 1
0 9 1
1 13 0
0 29 0
0 4 0
1 24 0
2 29 0
2 12 0
2 12 0
0 8 1
1 8 0
0 23 0
0 25 0
0 24 1
0 30 0
0 17 1
0 8 1
2 23 0
1 30 0
1 24 0
0 5 0
1 3 0
0 7 1
1 26 0
1 24 0
0 5 0
2 7 1
2 4 0
2 2 1
2 3 1
0 29 0
1 6 1
0 13 0
2 26 1
1 18 1
1 15 1
2 4 0
1 24 0
0 31 1
1 28 0
2 20 1
0 24 1
2 29 0
2 26 0
